0.140 0.157 0.346 -0.093 -0.026 0.112 -0.395 0.004 -0.298 0.215 
-0.046 0.018 0.002 0.076 -0.090 0.061 0.009 -0.041 -0.001 0.025 
0.186 0.156 0.397 -0.139 0.034 0.087 -0.441 0.023 -0.350 0.226 
-0.066 -0.073 -0.103 0.065 -0.051 -0.033 0.166 0.005 0.113 -0.069 
-0.224 -0.250 -0.560 0.173 -0.022 -0.199 0.617 0.028 0.500 -0.315 
0.301 0.232 0.577 -0.267 0.096 0.107 -0.644 0.050 -0.526 0.327 
-0.299 -0.327 -0.746 0.206 0.020 -0.233 0.826 -0.008 0.664 -0.446 
0.170 0.237 0.451 -0.127 0.010 0.208 -0.544 -0.042 -0.425 0.272 
0.321 0.347 0.724 -0.251 0.073 0.218 -0.818 -0.023 -0.669 0.404 
-0.215 -0.211 -0.465 0.146 0.001 -0.142 0.521 0.004 0.429 -0.281 
