0.048 0.011 0.099 -0.051 -0.040 -0.117 0.180 -0.037 0.044 -0.104 
0.189 0.073 0.100 -0.252 -0.004 -0.145 0.291 -0.053 0.063 -0.253 
-0.048 0.005 -0.053 0.109 -0.011 0.073 -0.051 0.012 -0.047 0.016 
-0.030 0.059 -0.056 0.015 0.048 -0.021 0.005 -0.014 -0.033 0.073 
-0.079 -0.065 -0.095 0.046 0.073 0.170 -0.216 0.018 -0.022 0.144 
-0.029 -0.051 0.064 0.079 -0.032 0.054 -0.161 0.034 -0.033 0.091 
0.012 0.005 -0.067 -0.018 -0.001 -0.001 0.041 0.017 -0.041 0.057 
-0.028 -0.013 -0.015 0.054 0.037 -0.008 -0.054 0.034 0.002 0.016 
-0.030 0.014 0.027 -0.010 -0.034 0.030 0.032 0.037 0.008 -0.076 
-0.028 -0.019 -0.047 0.098 -0.007 0.005 -0.123 -0.023 0.042 0.112 
